exports.NAMES = [
  "antd",
  "create-react-app",
  "dotenv",
  "express",
  "jsonwebtoken",
  "mongoose",
  "nodemon",
  "react-router-dom",
  "@ethersproject/providers",
  "@testing-library/jest-dom",
  "@testing-library/react",
  "@testing-library/user-event",
  "@usedapp/core",
  "@web3-react/core",
  "@web3-react/injected-connector",
  "cipher-base",
  "fs",
  "os",
  "react",
  "react-dom",
  "react-scripts",
  "styled-components",
  "web-vitals",
  "web3",
  "concurrently",
  "mdb-react-ui-kit",
  "tar-pack",
  "global",
  "json-server",
  "tiny-slider",
  "webpack",
  "@auth0/auth0-spa-js",
  "@date-io/date-fns",
  "@date-io/moment",
  "@emotion/core",
  "@emotion/react",
  "@emotion/styled",
  "@fortawesome/fontawesome-svg-core",
  "@fortawesome/free-brands-svg-icons",
  "@fortawesome/free-regular-svg-icons",
  "@fortawesome/free-solid-svg-icons",
  "@fortawesome/react-fontawesome",
  "@fullcalendar/core",
  "@fullcalendar/daygrid",
  "@fullcalendar/interaction",
  "@fullcalendar/react",
  "@fullcalendar/timegrid",
  "@google-cloud/storage",
  "@material-ui/core",
  "@material-ui/data-grid",
  "@material-ui/icons",
  "@material-ui/lab",
  "@material-ui/pickers",
  "@mui/icons-material",
  "@mui/material",
  "@stripe/react-stripe-js",
  "@stripe/stripe-js",
  "ag-grid-community",
  "ag-grid-react",
  "apexcharts",
  "auth0-js",
  "availity-reactstrap-validation",
  "axios",
  "axios-mock-adapter",
  "babel-plugin-react-intl",
  "bootstrap",
  "bs-stepper",
  "chart.js",
  "chroma-js",
  "classnames",
  "craete-react-app",
  "date-fns",
  "date-utils",
  "docx",
  "docx-merger",
  "docxtemplater",
  "draft-js",
  "draft-js-import-html",
  "draftjs-to-html",
  "emoji-picker-react",
  "faker",
  "file-saver",
  "firebase",
  "flatpickr",
  "formik",
  "formik-antd",
  "history",
  "html2pdf.js",
  "intl-messageformat",
  "jquery",
  "latest-version",
  "leaflet",
  "libreoffice-convert",
  "match-sorter",
  "material-ui-dropzone",
  "moment",
  "multer",
  "namor",
  "npm",
  "pdfjs-dist",
];

exports.COV = [
  [
    0.019, 0.0008, 0.00058, -7e-5, 0.00034, -0.00024, 0.00029, 0.00773, -4e-5,
    0.00263, 0.00266, 0.00284, -2e-5, 0.00039, 0.00025, -1e-5, 0.0002, -1e-5,
    0.0011, 0.00156, 0.00388, 0.0024, 0.00259, 0.00029, 0.0002, 0.0001, -1e-5,
    0.00025, 0.00014, -1e-5, 0.00044, 0.00028, 0.00041, 0.00042, 0.00099, 3e-5,
    0.00017, 0.00037, 0.00017, 0.00012, 0.00048, 0.00047, 0.00028, 0.00027,
    0.00027, 0.00027, 0.00027, 0.00028, 0.00071, 0.00028, 0.00071, 0.00032,
    0.00041, -0.0001, -0.00023, 0.00037, 0.00032, 0.00027, 0.00027, 0.00067,
    0.00028, 0.00028, 0.007, 0.00027, 0.00029, 0.00026, 0.00029, 0.00147,
    0.00027, 0.00166, 0.00029, 0.00023, 0.00029, 0.00029, 0.00029, 0.00029,
    0.0004, 0.00029, 0.00057, 0.00027, 0.00026, 0.00081, 0.00054, 0.00028,
    0.0008, 0.00029, 0.00074, 0.00028, 0.00029, 0.00042, 0.00029, 0.00049,
    0.00029, 0.00024, 0.00028, 0.00401, 0.00011, 0.00028, 0.00034, 0.00028,
  ],
  [
    0.0008, 0.04008, 0.00626, 0.00905, 0.0053, 0.00705, 0.00375, -2e-5, 0.00065,
    -0.004, -0.00409, -0.0065, 0.0004, 0.00033, 0.00035, 0.00028, 0.00053,
    0.00027, -0.01725, -0.01727, -0.00193, 0.00011, -0.00695, 0.001, 0.00344,
    0.0002, 0.00042, 0.00152, 0.0007, 0.00028, 0.00042, 0.00028, 0.00038,
    0.0004, 0.00036, -0.00309, -0.00251, 0.00151, 0.00045, 0.00063, 0.00144,
    0.00127, 0.00026, 0.00023, 0.00024, 0.00023, 0.00025, 0.00028, 0.00325,
    0.00056, 0.00151, 0.0012, 0.00068, -0.00068, -0.00158, 0.0003, 0.00019,
    0.00025, 0.00025, 0.00029, 0.00028, 0.00028, 0.00192, 0.00024, 0.00028,
    0.0007, 0.00028, 0.00055, 0.00023, 1e-5, 0.00028, -0.00021, 0.00028,
    0.00028, 0.00028, 0.00028, 0.00021, 0.00028, 0.00026, 0.00023, 0.00037,
    0.00029, 0.00034, 0.00027, -6e-5, 0.00028, 0.00043, 0.00042, 0.00028,
    0.00081, 0.00028, 0.00053, 0.00028, 0.00018, 0.00028, 0.0022, 0.00152,
    0.00028, 0.00038, 0.00028,
  ],
  [
    0.00058, 0.00626, 0.05707, 0.03028, 0.01475, 0.01916, 0.00713, -0.00213,
    0.00017, -0.01381, -0.01372, -0.0136, 0.00024, 0.00028, 0.00031, 0.00012,
    0.00102, 0.00026, -0.01855, -0.01769, -0.01604, -0.00024, -0.01417, 0.001,
    0.00453, 0.0003, 0.00027, -0.00014, -0.00033, -2e-5, 0.00321, -3e-5, 0.0002,
    9e-5, 3e-5, -0.00052, -0.00082, -1e-5, 4e-5, -0.00041, -0.00026, -0.0003,
    -5e-5, 0.0002, 8e-5, 0.0002, 8e-5, -3e-5, 0.00059, -4e-5, 3e-5, 5e-5,
    0.00021, -0.0006, -0.00016, 0.00038, 0.00022, -6e-5, -6e-5, 8e-5, -3e-5,
    -3e-5, 0.00505, 8e-5, -2e-5, -0.00091, -2e-5, 0.00057, -9e-5, 0.00169,
    -2e-5, 0.00061, -2e-5, -2e-5, -2e-5, -2e-5, 0.00018, -2e-5, -4e-5, 6e-5,
    4e-5, 8e-5, 0.00074, -4e-5, 2e-5, -2e-5, -1e-5, -4e-5, -2e-5, 0.0002, -2e-5,
    -0.00016, -2e-5, -0.00017, -3e-5, 0.00168, 0.00531, -3e-5, 0.00043, -3e-5,
  ],
  [
    -7e-5, 0.00905, 0.03028, 0.06028, 0.01891, 0.02622, 0.01279, -0.0012,
    -0.00013, -0.01892, -0.01882, -0.0187, -6e-5, -2e-5, 0.0, -3e-5, 0.00144,
    0.00011, -0.02604, -0.02536, -0.01895, -0.00191, -0.01905, -5e-5, 0.00712,
    0.00029, 0.00027, -0.0, -0.00022, -2e-5, 0.00187, -3e-5, 0.0002, 9e-5, 2e-5,
    -0.00389, -0.00388, -0.00029, -0.00015, -0.00047, -0.00039, -0.00058, -6e-5,
    5e-5, -8e-5, 5e-5, -7e-5, 0.00012, 0.0005, -5e-5, 0.00026, 0.00032, 0.00021,
    -0.0014, -0.00207, -7e-5, -9e-5, -7e-5, -7e-5, -8e-5, -3e-5, -3e-5, 0.00414,
    -8e-5, -2e-5, 0.0001, -2e-5, 0.00051, -9e-5, 0.00056, -2e-5, -0.0008, -2e-5,
    -2e-5, -2e-5, -2e-5, 2e-5, -2e-5, -5e-5, 5e-5, 0.00033, 7e-5, -0.00149,
    -4e-5, -0.0002, -2e-5, 0.00011, -4e-5, -2e-5, 0.00046, -2e-5, 0.00012,
    -2e-5, -0.00018, -3e-5, 0.00272, 0.00777, -3e-5, -3e-5, -3e-5,
  ],
  [
    0.00034, 0.0053, 0.01475, 0.01891, 0.02697, 0.0184, 0.00529, -0.00187,
    -6e-5, -0.00877, -0.00873, -0.00868, -2e-5, 7e-5, 9e-5, -1e-5, 0.00016,
    -2e-5, -0.0145, -0.01408, -0.00992, -0.00236, -0.00966, -6e-5, 0.00406,
    0.00023, 0.00028, -7e-5, -7e-5, -1e-5, 0.00038, 0.00043, 0.0004, 0.00042,
    0.00024, 6e-5, -0.00033, 8e-5, 0.0002, -0.00016, 4e-5, 2e-5, 0.00042,
    0.00055, 0.00041, 0.00055, 0.00041, 0.00028, 7e-5, 0.00027, 0.00057,
    0.00055, 0.0004, 0.00029, -0.00016, 0.00035, 0.00042, 0.00027, 0.00027,
    0.0002, 0.00028, 0.00028, 0.00175, 0.00041, 0.00029, -0.00016, 0.00029,
    0.00091, 0.00025, -0.00033, 0.00029, 0.0003, 0.00029, 0.00029, 0.00029,
    0.00029, 0.00053, 0.00029, 0.00027, 0.00055, 0.00068, 0.00049, -0.0006,
    0.00028, 0.00094, 0.00029, 0.00053, 0.00028, 0.00029, 5e-5, 0.00029,
    0.00045, 0.00029, 0.00022, 0.00028, 0.00181, 0.00561, 0.00028, 0.0003,
    0.00028,
  ],
  [
    -0.00024, 0.00705, 0.01916, 0.02622, 0.0184, 0.03371, 0.00694, -0.00304,
    -7e-5, -0.01129, -0.01124, -0.01118, -3e-5, -9e-5, -8e-5, -2e-5, 0.00071,
    0.00013, -0.01747, -0.01727, -0.01362, -0.00231, -0.01204, 0.00017, 0.00543,
    0.00021, 0.00028, -8e-5, -0.00013, -1e-5, 0.00047, -2e-5, 0.0001, -3e-5,
    -7e-5, -0.00168, -0.00188, -0.00046, -0.00019, -0.00043, -0.00051, -0.00054,
    -3e-5, 0.0001, -4e-5, 0.0001, -4e-5, 0.00013, -0.00025, 0.00012, 0.00016,
    7e-5, 0.0001, -0.00057, -0.00133, 3e-5, -6e-5, -4e-5, -4e-5, 2e-5, -2e-5,
    -2e-5, 0.00349, -4e-5, -1e-5, 0.00011, -1e-5, 7e-5, -5e-5, -0.00082, -1e-5,
    -0.00018, -1e-5, -1e-5, -1e-5, -1e-5, 8e-5, -1e-5, -3e-5, -5e-5, 0.00038,
    -0.00012, -0.00095, -2e-5, 7e-5, -1e-5, -0.00011, -2e-5, -1e-5, -1e-5,
    -1e-5, 0.00012, -1e-5, -0.0001, -2e-5, 0.00185, 0.00643, -2e-5, 0.00012,
    -2e-5,
  ],
  [
    0.00029, 0.00375, 0.00713, 0.01279, 0.00529, 0.00694, 0.01531, -0.00094,
    -3e-5, -0.00379, -0.00377, -0.00374, -1e-5, -4e-5, -3e-5, -1e-5, 0.0008,
    0.00014, -0.00771, -0.00752, -0.00415, -0.0009, -0.00406, -0.00012, 0.00303,
    -4e-5, -1e-5, -4e-5, 2e-5, -0.0, 0.00062, -1e-5, 0.00012, -1e-5, 0.00012,
    -0.00069, -0.00072, -9e-5, -0.00021, -0.00026, -0.00011, -0.00013, -1e-5,
    -2e-5, -2e-5, -2e-5, -2e-5, 0.00014, 0.00036, -1e-5, 0.00048, 0.00034,
    0.00013, 0.00012, -7e-5, 9e-5, 5e-5, -2e-5, -2e-5, -5e-5, -1e-5, -1e-5,
    0.00104, -2e-5, -0.0, -0.00015, -0.0, 0.00036, -2e-5, -0.00043, -0.0,
    -0.00026, -0.0, -0.0, -0.0, -0.0, -3e-5, -0.0, -1e-5, 0.00012, 0.00012,
    -5e-5, -1e-5, -1e-5, -0.0, -0.0, 3e-5, -1e-5, -0.0, 1e-5, -0.0, 7e-5, -0.0,
    -4e-5, -1e-5, 0.00063, 0.00294, -1e-5, 7e-5, -1e-5,
  ],
  [
    0.00773, -2e-5, -0.00213, -0.0012, -0.00187, -0.00304, -0.00094, 0.21226,
    0.00011, 0.08511, 0.08424, 0.08585, 0.00017, 0.00037, 0.00035, -0.00013,
    -6e-5, -3e-5, 0.02855, 0.03835, 0.09428, 0.01933, 0.08146, 0.00075, 0.00015,
    0.00119, 0.00016, -0.00042, 0.00301, -9e-5, 0.00094, 0.00031, 0.00087,
    0.00061, 0.00059, 0.02259, 0.02283, 0.0097, 0.00444, 0.00569, 0.01053,
    0.01089, 0.00032, 0.00073, 0.00037, 0.00073, 0.00042, 0.00031, 0.00629,
    0.00036, 0.00393, 0.00199, 0.00062, 0.018, 0.02193, 0.00132, 0.00066,
    0.00027, 0.00027, 0.00112, 0.00031, 0.00031, 0.05567, 0.00037, 0.0002,
    0.02936, 0.0002, 0.00427, 0.00043, 0.00209, 0.0002, 0.00302, 0.0002, 0.0002,
    0.0002, 0.0002, 0.00059, 0.0002, 0.00051, 0.00073, 0.00064, 0.00068,
    0.01523, 0.00026, 0.0065, 0.0002, 0.0048, 0.00026, 0.0002, 0.00098, 0.0002,
    0.00156, 0.0002, 0.0015, 0.00016, 0.0089, -4e-5, 0.00031, 0.00068, 0.00016,
  ],
  [
    -4e-5, 0.00065, 0.00017, -0.00013, -6e-5, -7e-5, -3e-5, 0.00011, 0.00205,
    0.00029, 0.00029, 0.00029, 0.00029, 0.00073, 0.00058, 0.00029, 0.00028,
    0.00029, 9e-5, 1e-5, 0.0002, 0.00054, -0.00011, 0.00086, -3e-5, -0.0, -0.0,
    -0.0, -2e-5, -0.0, -2e-5, -0.0, -0.0, -0.0, -0.0, -0.0001, -8e-5, 0.00037,
    -3e-5, -3e-5, 0.00037, 0.00037, -0.0, -0.0, -0.0, -0.0, -0.0, -0.0, 0.00039,
    -0.0, 0.00041, 0.00043, -0.0, 3e-5, -2e-5, -1e-5, -1e-5, -0.0, -0.0, -1e-5,
    -0.0, -0.0, 0.00046, -0.0, -0.0, -0.00017, -0.0, -3e-5, -0.0, 0.00024, -0.0,
    -5e-5, -0.0, -0.0, -0.0, -0.0, -0.0, -0.0, -0.0, -0.0, -0.0, -1e-5, -0.0001,
    -0.0, -4e-5, -0.0, -2e-5, -0.0, -0.0, -2e-5, -0.0, -1e-5, -0.0, -1e-5, -0.0,
    0.00051, -2e-5, -0.0, -1e-5, -0.0,
  ],
  [
    0.00263, -0.004, -0.01381, -0.01892, -0.00877, -0.01129, -0.00379, 0.08511,
    0.00029, 0.24549, 0.24334, 0.24196, 0.00035, 0.00032, 0.00022, 0.0001,
    -0.0004, 0.00019, 0.05035, 0.0641, 0.21857, 0.01291, 0.22465, 0.00022,
    -0.0029, 0.00075, -4e-5, -0.00058, 0.00303, -0.00013, -0.00104, -0.00019,
    -5e-5, -9e-5, -9e-5, 0.00594, 0.00766, 0.00685, 0.00196, 0.00478, 0.00761,
    0.00832, -9e-5, 0.0001, -7e-5, 0.0001, -0.0, -4e-5, 0.00588, 0.00012,
    0.0039, 0.00132, 2e-5, 0.00796, 0.01148, 0.00015, -0.00099, -0.0, -0.0,
    0.00024, -0.00019, -0.00019, 0.01622, 8e-5, -0.00013, 0.024, -0.00013,
    0.00166, -0.00049, -0.00305, -0.00013, -0.00499, -0.00013, -0.00013,
    -0.00013, -0.00013, -9e-5, -0.00013, 0.00012, 0.00025, 0.00027, -6e-5,
    0.00809, -0.00011, 0.00099, -0.00013, 0.00108, -0.00025, -0.00013, -0.00058,
    -0.00013, 0.00063, -0.00013, -0.00047, -0.00019, -0.00144, -0.00209, -4e-5,
    -0.0004, -0.00019,
  ],
  [
    0.00266, -0.00409, -0.01372, -0.01882, -0.00873, -0.01124, -0.00377,
    0.08424, 0.00029, 0.24334, 0.24529, 0.24171, 0.00035, 0.00033, 0.00023,
    0.0001, -0.00039, 0.00019, 0.05017, 0.06388, 0.21795, 0.01246, 0.22496,
    0.00023, -0.00288, 0.00075, -4e-5, -0.00057, 0.00304, -0.00013, -0.00103,
    -0.00019, -5e-5, -9e-5, -9e-5, 0.00567, 0.00739, 0.0069, 0.00198, 0.0048,
    0.00767, 0.00838, -9e-5, 0.0001, -7e-5, 0.0001, -0.0, -4e-5, 0.00562,
    0.00012, 0.00363, 0.00133, 2e-5, 0.00776, 0.01131, 0.00016, -0.00098, -0.0,
    -0.0, 0.0001, -0.00019, -0.00019, 0.01579, -7e-5, -0.00013, 0.02354,
    -0.00013, 0.00139, -0.00063, -0.00286, -0.00013, -0.0051, -0.00013,
    -0.00013, -0.00013, -0.00013, -9e-5, -0.00013, 0.00012, 0.00025, 0.00027,
    -5e-5, 0.00816, -0.00025, 0.00146, -0.00013, 0.00109, -0.00025, -0.00013,
    -0.00057, -0.00013, 0.00049, -0.00013, -0.00047, -0.00019, -0.0011,
    -0.00208, -4e-5, -0.00039, -0.00019,
  ],
  [
    0.00284, -0.0065, -0.0136, -0.0187, -0.00868, -0.01118, -0.00374, 0.08585,
    0.00029, 0.24196, 0.24171, 0.24502, 0.00036, 0.00019, 0.00023, 0.0001,
    -0.00053, 0.00019, 0.04995, 0.0636, 0.21738, 0.01264, 0.22633, 0.00025,
    -0.00286, 0.00075, -4e-5, -0.00057, 0.0032, -0.00013, -0.00101, -0.00019,
    -4e-5, -0.00023, -0.00023, 0.00605, 0.00775, 0.00681, 0.002, 0.00498,
    0.00759, 0.0083, -8e-5, 0.0001, -6e-5, 0.0001, -0.0, -4e-5, 0.00567,
    0.00013, 0.00366, 0.00134, 2e-5, 0.00801, 0.01161, 0.00017, -0.00097, -0.0,
    -0.0, 0.00025, -0.00019, -0.00019, 0.01647, 8e-5, -0.00013, 0.02399,
    -0.00013, 0.00156, -0.00048, -0.00325, -0.00013, -0.0049, -0.00013,
    -0.00013, -0.00013, -0.00013, -9e-5, -0.00013, 0.00013, 0.00025, 0.00012,
    -0.00019, 0.00825, -0.00011, 0.00135, -0.00013, 0.00111, -0.00025, -0.00013,
    -0.00055, -0.00013, 0.00035, -0.00013, -0.00046, -0.00019, -0.00147,
    -0.00206, -4e-5, -0.00038, -0.00019,
  ],
  [
    -2e-5, 0.0004, 0.00024, -6e-5, -2e-5, -3e-5, -1e-5, 0.00017, 0.00029,
    0.00035, 0.00035, 0.00036, 0.00088, 0.00044, 0.00044, 0.00029, 0.00029,
    0.00029, 0.0001, 0.00013, 0.00032, 0.00021, 0.00037, 0.00029, -1e-5, -0.0,
    -0.0, -0.0, -1e-5, -0.0, -1e-5, -0.0, -0.0, -0.0, -0.0, 4e-5, -0.0001,
    -3e-5, -1e-5, -1e-5, -3e-5, -3e-5, -0.0, -0.0, -0.0, -0.0, -0.0, -0.0,
    -2e-5, -0.0, -1e-5, -1e-5, -0.0, -5e-5, -7e-5, -0.0, -1e-5, -0.0, -0.0,
    -0.0, -0.0, -0.0, -0.00018, -0.0, -0.0, 7e-5, -0.0, -1e-5, -0.0, -2e-5,
    -0.0, -2e-5, -0.0, -0.0, -0.0, -0.0, -0.0, -0.0, -0.0, -0.0, -0.0, -0.0,
    -4e-5, -0.0, -2e-5, -0.0, -1e-5, -0.0, -0.0, -1e-5, -0.0, -0.0, -0.0, -0.0,
    -0.0, -3e-5, -1e-5, -0.0, -0.0, -0.0,
  ],
  [
    0.00039, 0.00033, 0.00028, -2e-5, 7e-5, -9e-5, -4e-5, 0.00037, 0.00073,
    0.00032, 0.00033, 0.00019, 0.00044, 0.00263, 0.00205, 0.00029, 0.00072,
    0.00044, 0.00031, 0.00039, 0.00036, 0.00092, -6e-5, 0.00145, -3e-5, -1e-5,
    -0.0, -1e-5, -2e-5, -0.0, -2e-5, -0.0, -0.0, -0.0, 0.00044, 0.00056,
    0.00058, 0.0002, -4e-5, -4e-5, 0.0002, 0.0002, -0.0, -0.0, -0.0, -0.0, -0.0,
    -0.0, 8e-5, -0.0, 0.0001, -2e-5, -0.0, 0.00029, 0.00038, -1e-5, -2e-5, -0.0,
    -0.0, -1e-5, -0.0, -0.0, 0.00019, -0.0, -0.0, 7e-5, -0.0, -4e-5, -0.0, 7e-5,
    -0.0, 8e-5, -0.0, -0.0, -0.0, -0.0, -1e-5, -0.0, -0.0, -0.0, -0.0, -1e-5,
    0.00031, -0.0, 0.0001, -0.0, -2e-5, -0.0, -0.0, -2e-5, -0.0, -1e-5, -0.0,
    -1e-5, -0.0, 0.00035, 0.00012, -0.0, -1e-5, -0.0,
  ],
  [
    0.00025, 0.00035, 0.00031, 0.0, 9e-5, -8e-5, -3e-5, 0.00035, 0.00058,
    0.00022, 0.00023, 0.00023, 0.00044, 0.00205, 0.0022, 0.00029, 0.00058,
    0.00044, 0.00011, 0.00018, 0.00028, 0.00067, -3e-5, 0.00116, -3e-5, -1e-5,
    -0.0, -1e-5, -2e-5, -0.0, -2e-5, -0.0, -0.0, -0.0, 0.00029, 0.00047,
    0.00049, 7e-5, -3e-5, -4e-5, 7e-5, 7e-5, -0.0, -0.0, -0.0, -0.0, -0.0, -0.0,
    -5e-5, -0.0, -4e-5, -1e-5, -0.0, 0.00017, 0.00026, -1e-5, -1e-5, -0.0, -0.0,
    -1e-5, -0.0, -0.0, -1e-5, -0.0, -0.0, 0.00011, -0.0, -3e-5, -0.0, -6e-5,
    -0.0, 9e-5, -0.0, -0.0, -0.0, -0.0, -0.0, -0.0, -0.0, -0.0, -0.0, -1e-5,
    0.00033, -0.0, 0.0001, -0.0, -2e-5, -0.0, -0.0, -2e-5, -0.0, -1e-5, -0.0,
    -1e-5, -0.0, 0.00022, 0.00013, -0.0, -1e-5, -0.0,
  ],
  [
    -1e-5, 0.00028, 0.00012, -3e-5, -1e-5, -2e-5, -1e-5, -0.00013, 0.00029,
    0.0001, 0.0001, 0.0001, 0.00029, 0.00029, 0.00029, 0.00044, 0.00029,
    0.00029, -0.0001, -8e-5, 8e-5, 0.00025, 0.00011, 0.00029, -1e-5, -0.0, -0.0,
    -0.0, -0.0, -0.0, -0.0, -0.0, -0.0, -0.0, -0.0, -5e-5, -5e-5, -1e-5, -1e-5,
    -1e-5, -2e-5, -2e-5, -0.0, -0.0, -0.0, -0.0, -0.0, -0.0, -1e-5, -0.0, -1e-5,
    -0.0, -0.0, -3e-5, -4e-5, -0.0, -0.0, -0.0, -0.0, -0.0, -0.0, -0.0, 6e-5,
    -0.0, -0.0, -4e-5, -0.0, -1e-5, -0.0, -1e-5, -0.0, 0.00014, -0.0, -0.0,
    -0.0, -0.0, -0.0, -0.0, -0.0, -0.0, -0.0, -0.0, -2e-5, -0.0, -1e-5, -0.0,
    -0.0, -0.0, -0.0, -0.0, -0.0, -0.0, -0.0, -0.0, -0.0, 0.00013, -0.0, -0.0,
    -0.0, -0.0,
  ],
  [
    0.0002, 0.00053, 0.00102, 0.00144, 0.00016, 0.00071, 0.0008, -6e-5, 0.00028,
    -0.0004, -0.00039, -0.00053, 0.00029, 0.00072, 0.00058, 0.00029, 0.00496,
    0.00058, -0.00074, -0.00087, -0.00046, 0.0004, -0.00029, 0.0004, 8e-5,
    -1e-5, -0.0, -1e-5, -4e-5, -0.0, 0.00026, -0.0, 0.00014, 0.00014, -1e-5,
    -0.00016, -0.00012, -2e-5, -7e-5, 6e-5, -3e-5, -3e-5, -0.0, -1e-5, -1e-5,
    -1e-5, -1e-5, 0.00014, 0.00047, -0.0, 0.00021, 0.00041, 0.00014, 0.00015,
    4e-5, -2e-5, -3e-5, -1e-5, -1e-5, -2e-5, -0.0, -0.0, 0.00088, -1e-5, -0.0,
    0.00046, -0.0, 7e-5, -1e-5, -0.00014, -0.0, -0.00013, -0.0, -0.0, -0.0,
    -0.0, -1e-5, -0.0, -0.0, -1e-5, 0.00014, -2e-5, -9e-5, -0.0, 5e-5, -0.0,
    -4e-5, -0.0, -0.0, 0.0001, -0.0, 0.00012, -0.0, -1e-5, -0.0, 0.0007,
    0.00054, -0.0, 0.00012, -0.0,
  ],
  [
    -1e-5, 0.00027, 0.00026, 0.00011, -2e-5, 0.00013, 0.00014, -3e-5, 0.00029,
    0.00019, 0.00019, 0.00019, 0.00029, 0.00044, 0.00044, 0.00029, 0.00058,
    0.00059, -8e-5, -6e-5, 0.00016, 0.00024, 0.0002, 0.00029, -1e-5, -0.0, -0.0,
    -0.0, -0.0, -0.0, -0.0, -0.0, -0.0, -0.0, -0.0, -7e-5, -7e-5, -2e-5, -1e-5,
    -1e-5, -2e-5, -2e-5, -0.0, -0.0, -0.0, -0.0, -0.0, -0.0, -1e-5, -0.0, -1e-5,
    -0.0, -0.0, -3e-5, -5e-5, -0.0, -0.0, -0.0, -0.0, -0.0, -0.0, -0.0,
    -0.00012, -0.0, -0.0, 0.0001, -0.0, -1e-5, -0.0, -2e-5, -0.0, -2e-5, -0.0,
    -0.0, -0.0, -0.0, -0.0, -0.0, -0.0, -0.0, -0.0, -0.0, -3e-5, -0.0, -1e-5,
    -0.0, -0.0, -0.0, -0.0, -1e-5, -0.0, -0.0, -0.0, -0.0, -0.0, -2e-5, 0.00014,
    -0.0, -0.0, -0.0,
  ],
  [
    0.0011, -0.01725, -0.01855, -0.02604, -0.0145, -0.01747, -0.00771, 0.02855,
    9e-5, 0.05035, 0.05017, 0.04995, 0.0001, 0.00031, 0.00011, -0.0001,
    -0.00074, -8e-5, 0.10362, 0.09894, 0.05375, 0.00844, 0.04792, -0.00042,
    -0.00675, -0.00016, -0.00024, -0.00105, 0.00034, -0.00026, -0.00044, 5e-5,
    0.00017, 0.0001, 8e-5, 0.01184, 0.01131, 0.00297, 0.00103, 0.00134, 0.00316,
    0.00339, 0.0001, 0.00017, -1e-5, 0.00017, 0.00012, 5e-5, 0.0018, 9e-5,
    0.0012, 0.00061, 1e-5, 0.00596, 0.00851, 0.00025, 0.00056, -3e-5, -3e-5,
    -3e-5, 5e-5, 5e-5, 0.01224, 0.00014, 3e-5, 0.00484, 3e-5, 0.00057, 0.00017,
    0.00194, 3e-5, 0.00101, 3e-5, 3e-5, 3e-5, 3e-5, -0.00022, 3e-5, 9e-5, 3e-5,
    6e-5, 0.00041, 0.00389, -8e-5, 0.00165, 3e-5, 0.00042, -8e-5, 3e-5,
    -0.00073, 3e-5, 0.00044, 3e-5, 0.00018, -0.0001, -0.00012, -0.00478, 5e-5,
    -0.0, -0.0001,
  ],
  [
    0.00156, -0.01727, -0.01769, -0.02536, -0.01408, -0.01727, -0.00752,
    0.03835, 1e-5, 0.0641, 0.06388, 0.0636, 0.00013, 0.00039, 0.00018, -8e-5,
    -0.00087, -6e-5, 0.09894, 0.12646, 0.0688, 0.01054, 0.06103, -4e-5,
    -0.00637, -9e-5, -0.00023, -0.00097, 0.00044, -0.00025, -0.0005, 7e-5,
    0.00022, 0.00013, 0.00014, 0.01556, 0.01481, 0.00403, 0.00146, 0.00185,
    0.00427, 0.00452, 0.00013, 0.00022, 3e-5, 0.00022, 0.00015, 7e-5, 0.00269,
    0.00011, 0.00171, 0.00081, 5e-5, 0.00777, 0.011, 0.00035, 0.00075, 1e-5,
    1e-5, 8e-5, 7e-5, 7e-5, 0.01442, 0.00017, 4e-5, 0.00748, 4e-5, 0.00103,
    0.00022, 0.0028, 4e-5, 0.00138, 4e-5, 4e-5, 4e-5, 4e-5, -0.00016, 4e-5,
    0.00011, 7e-5, -3e-5, 0.00052, 0.00392, -6e-5, 0.00195, 4e-5, 0.00065,
    -6e-5, 4e-5, -0.00104, 4e-5, 0.00059, 4e-5, 0.00027, -8e-5, -0.0002,
    -0.00464, 7e-5, 0.00015, -8e-5,
  ],
  [
    0.00388, -0.00193, -0.01604, -0.01895, -0.00992, -0.01362, -0.00415,
    0.09428, 0.0002, 0.21857, 0.21795, 0.21738, 0.00032, 0.00036, 0.00028, 8e-5,
    -0.00046, 0.00016, 0.05375, 0.0688, 0.24937, 0.01378, 0.21239, 0.00108,
    -0.00283, 0.00079, -6e-5, -0.00067, 0.00285, -0.00014, -0.00281, 8e-5,
    0.00063, 0.00046, 0.00042, 0.00845, 0.01106, 0.00807, 0.00256, 0.00542,
    0.00878, 0.0096, 0.00017, 4e-5, 3e-5, 4e-5, 0.0001, 0.00023, 0.00914,
    0.00039, 0.00615, 0.00237, 0.00055, 0.01215, 0.01506, 0.00045, -0.0008,
    0.00025, 0.00025, 0.00038, 0.00023, 8e-5, 0.02128, 3e-5, 0.00015, 0.02605,
    0.00015, 0.00178, 0.00018, -0.00126, 0.00015, -0.00373, 0.00015, 0.00015,
    0.00015, 0.00015, 0.00027, 0.00015, 0.00039, 0.00048, 0.00034, 0.00038,
    0.0077, 0.00016, 0.00255, 0.00015, 0.00107, 0.00016, 0.00015, -7e-5,
    0.00015, 0.0013, 0.00015, -0.00029, 8e-5, 0.00209, -0.00306, 0.00023, -2e-5,
    8e-5,
  ],
  [
    0.0024, 0.00011, -0.00024, -0.00191, -0.00236, -0.00231, -0.0009, 0.01933,
    0.00054, 0.01291, 0.01246, 0.01264, 0.00021, 0.00092, 0.00067, 0.00025,
    0.0004, 0.00024, 0.00844, 0.01054, 0.01378, 0.08653, 0.0121, 0.00118,
    -0.00061, 7e-5, -4e-5, 7e-5, 0.00042, -3e-5, -0.00028, 0.00025, 0.00045,
    0.00036, 0.0007, 0.00749, 0.00728, 0.00188, 0.00059, 0.00078, 0.00172,
    0.00165, 0.00036, 0.00045, 0.00033, 0.00045, 0.00034, 0.00025, 0.00327,
    0.00022, 0.00224, 0.00085, 0.00031, 0.00587, 0.0082, 0.00056, 0.00045,
    0.00049, 0.00049, 0.0004, 0.00025, 0.00025, 0.01368, 0.00047, 0.00027,
    -0.0002, 0.00027, 0.00078, 0.00045, 0.00219, 0.00027, 0.00278, 0.00027,
    0.00027, 0.00027, 0.00027, 0.00026, 0.00027, 0.00037, 0.00045, 0.00057,
    0.00054, 0.00156, 0.00024, 0.00258, 0.00027, 0.00091, 0.00024, 0.00027,
    0.00048, 0.00027, 0.0007, 0.00027, 0.00017, 0.00025, 0.00338, -0.00059,
    0.00025, 0.0004, 0.00025,
  ],
  [
    0.00259, -0.00695, -0.01417, -0.01905, -0.00966, -0.01204, -0.00406,
    0.08146, -0.00011, 0.22465, 0.22496, 0.22633, 0.00037, -6e-5, -3e-5,
    0.00011, -0.00029, 0.0002, 0.04792, 0.06103, 0.21239, 0.0121, 0.24227, 9e-5,
    -0.00294, 0.00079, -3e-5, -0.00053, 0.00305, -0.00012, -0.00132, -0.00018,
    -0.00016, -0.00022, -0.00049, 0.00753, 0.0097, 0.00623, 0.0021, 0.00497,
    0.00732, 0.0079, -7e-5, -2e-5, -4e-5, -2e-5, 2e-5, -3e-5, 0.00374, -1e-5,
    0.00277, 0.00086, -0.0001, 0.00932, 0.01314, 8e-5, -0.00101, 2e-5, 2e-5,
    0.00016, -0.00018, -0.00018, 0.01712, -0.00019, -0.00012, 0.02165, -0.00012,
    0.00167, -0.00046, -0.00291, -0.00012, -0.00518, -0.00012, -0.00012,
    -0.00012, -0.00012, -5e-5, -0.00012, -1e-5, 0.00013, 0.00016, -0.00013,
    0.00688, -0.00024, 0.00168, -0.00012, -0.00097, -0.00024, -0.00012,
    -0.00084, -0.00012, 0.00044, -0.00012, -0.00041, -0.00018, -0.00247,
    -0.00293, -3e-5, -0.00029, -0.00018,
  ],
  [
    0.00029, 0.001, 0.001, -5e-5, -6e-5, 0.00017, -0.00012, 0.00075, 0.00086,
    0.00022, 0.00023, 0.00025, 0.00029, 0.00145, 0.00116, 0.00029, 0.0004,
    0.00029, -0.00042, -4e-5, 0.00108, 0.00118, 9e-5, 0.00757, 5e-5, -2e-5,
    -0.0, -2e-5, -6e-5, -0.0, -6e-5, -0.0, -1e-5, -1e-5, 0.00043, 0.00085,
    0.0009, 0.00062, 0.00019, 0.00017, 0.00061, 0.00075, -1e-5, -1e-5, -1e-5,
    -1e-5, -1e-5, -0.0, 0.00084, -1e-5, 0.0009, 0.00068, -1e-5, 0.00029,
    0.00012, 0.00012, 0.0001, -1e-5, -1e-5, 0.00012, -0.0, -0.0, 0.00121, -1e-5,
    -0.0, 0.00067, -0.0, 3e-5, -1e-5, -6e-5, -0.0, -5e-5, -0.0, -0.0, -0.0,
    -0.0, -1e-5, -0.0, -1e-5, -1e-5, -1e-5, -3e-5, 0.00022, -0.0, 0.00029, -0.0,
    9e-5, -0.0, -0.0, 0.00023, -0.0, -4e-5, -0.0, -2e-5, -0.0, 0.00135, 8e-5,
    -0.0, -4e-5, -0.0,
  ],
  [
    0.0002, 0.00344, 0.00453, 0.00712, 0.00406, 0.00543, 0.00303, 0.00015,
    -3e-5, -0.0029, -0.00288, -0.00286, -1e-5, -3e-5, -3e-5, -1e-5, 8e-5, -1e-5,
    -0.00675, -0.00637, -0.00283, -0.00061, -0.00294, 5e-5, 0.01232, 0.00026,
    0.00029, -3e-5, 5e-5, -0.0, 0.0002, -1e-5, 0.00013, -1e-5, -2e-5, -0.00105,
    -0.00096, -0.00013, 0.00012, 9e-5, -0.0, -0.00016, -1e-5, -2e-5, -1e-5,
    -2e-5, -1e-5, -1e-5, -1e-5, -1e-5, 9e-5, 7e-5, 0.00013, -0.00014, -0.00056,
    -4e-5, -8e-5, -1e-5, -1e-5, 0.0001, -1e-5, -1e-5, 0.00124, -1e-5, -0.0,
    -3e-5, -0.0, 0.00026, -2e-5, -0.00035, -0.0, -0.00018, -0.0, -0.0, -0.0,
    -0.0, -2e-5, -0.0, -1e-5, -2e-5, 0.00012, 0.0001, -0.00016, -1e-5, 0.0005,
    -0.0, 6e-5, -1e-5, -0.0, 4e-5, -0.0, 8e-5, -0.0, -3e-5, -1e-5, 0.00044,
    0.00121, -1e-5, -6e-5, -1e-5,
  ],
  [
    0.0001, 0.0002, 0.0003, 0.00029, 0.00023, 0.00021, -4e-5, 0.00119, -0.0,
    0.00075, 0.00075, 0.00075, -0.0, -1e-5, -1e-5, -0.0, -1e-5, -0.0, -0.00016,
    -9e-5, 0.00079, 7e-5, 0.00079, -2e-5, 0.00026, 0.00234, 0.00029, -1e-5,
    0.00013, -0.0, -2e-5, -0.0, -0.0, -0.0, -0.0, 0.00016, 0.00018, 0.00065,
    0.00026, 0.0007, 0.00065, 0.00065, -0.0, -0.0, -0.0, -0.0, -0.0, -0.0,
    0.00024, -0.0, 0.00025, -2e-5, -0.0, 0.0003, 0.00025, -1e-5, -1e-5, -0.0,
    -0.0, -1e-5, -0.0, -0.0, 0.00069, -0.0, -0.0, 0.00141, -0.0, 0.00026, -0.0,
    8e-5, -0.0, 9e-5, -0.0, -0.0, -0.0, -0.0, -0.0, -0.0, -0.0, 0.00014, -0.0,
    -1e-5, 0.00018, -0.0, 0.0001, -0.0, -2e-5, -0.0, -0.0, -2e-5, -0.0, -1e-5,
    -0.0, -1e-5, -0.0, -8e-5, -2e-5, -0.0, -1e-5, -0.0,
  ],
  [
    -1e-5, 0.00042, 0.00027, 0.00027, 0.00028, 0.00028, -1e-5, 0.00016, -0.0,
    -4e-5, -4e-5, -4e-5, -0.0, -0.0, -0.0, -0.0, -0.0, -0.0, -0.00024, -0.00023,
    -6e-5, -4e-5, -3e-5, -0.0, 0.00029, 0.00029, 0.00044, -0.0, -0.0, -0.0,
    -0.0, -0.0, -0.0, -0.0, -0.0, -5e-5, -5e-5, -1e-5, -1e-5, -1e-5, -2e-5,
    -2e-5, -0.0, -0.0, -0.0, -0.0, -0.0, -0.0, -1e-5, -0.0, -1e-5, -0.0, -0.0,
    -3e-5, -4e-5, -0.0, -0.0, -0.0, -0.0, -0.0, -0.0, -0.0, -9e-5, -0.0, -0.0,
    -4e-5, -0.0, -1e-5, -0.0, -1e-5, -0.0, -1e-5, -0.0, -0.0, -0.0, -0.0, -0.0,
    -0.0, -0.0, -0.0, -0.0, -0.0, -2e-5, -0.0, -1e-5, -0.0, -0.0, -0.0, -0.0,
    -0.0, -0.0, -0.0, -0.0, -0.0, -0.0, -2e-5, -0.0, -0.0, -0.0, -0.0,
  ],
  [
    0.00025, 0.00152, -0.00014, -0.0, -7e-5, -8e-5, -4e-5, -0.00042, -0.0,
    -0.00058, -0.00057, -0.00057, -0.0, -1e-5, -1e-5, -0.0, -1e-5, -0.0,
    -0.00105, -0.00097, -0.00067, 7e-5, -0.00053, -2e-5, -3e-5, -1e-5, -0.0,
    0.00234, -2e-5, -0.0, -2e-5, -0.0, -0.0, -0.0, -0.0, -0.00028, -0.00026,
    0.00036, 0.00011, 0.0004, 0.00036, 0.00035, -0.0, -0.0, -0.0, -0.0, -0.0,
    -0.0, 0.00024, -0.0, 0.00025, -2e-5, -0.0, -0.00014, -0.00019, -1e-5, -1e-5,
    -0.0, -0.0, -1e-5, -0.0, -0.0, 0.0001, -0.0, -0.0, -0.0002, -0.0, -3e-5,
    -0.0, 8e-5, -0.0, -6e-5, -0.0, -0.0, -0.0, -0.0, -0.0, -0.0, -0.0, -0.0,
    -0.0, -1e-5, -0.00011, -0.0, -4e-5, -0.0, 0.00028, -0.0, -0.0, -2e-5, -0.0,
    -1e-5, -0.0, -1e-5, -0.0, 0.00021, -2e-5, -0.0, -1e-5, -0.0,
  ],
  [
    0.00014, 0.0007, -0.00033, -0.00022, -7e-5, -0.00013, 2e-5, 0.00301, -2e-5,
    0.00303, 0.00304, 0.0032, -1e-5, -2e-5, -2e-5, -0.0, -4e-5, -0.0, 0.00034,
    0.00044, 0.00285, 0.00042, 0.00305, -6e-5, 5e-5, 0.00013, -0.0, -2e-5,
    0.00786, 0.00029, 0.00023, -0.0, -1e-5, -1e-5, -2e-5, 0.00067, 0.00058,
    -0.00012, -0.00011, -0.00013, -0.00014, -0.00014, -1e-5, -1e-5, -1e-5,
    -1e-5, -1e-5, -0.0, 0.0001, -1e-5, -0.00013, -5e-5, -1e-5, 0.00013, -5e-5,
    -3e-5, -5e-5, -1e-5, -1e-5, 0.00012, -0.0, -0.0, 0.00306, -1e-5, -0.0,
    0.00035, -0.0, -0.00012, -1e-5, 7e-5, -0.0, -6e-5, -0.0, -0.0, -0.0, -0.0,
    -2e-5, -0.0, -1e-5, -1e-5, -1e-5, -3e-5, -9e-5, -0.0, 0.00029, -0.0, -6e-5,
    0.00014, -0.0, -7e-5, -0.0, -4e-5, -0.0, -2e-5, -0.0, -0.00013, 7e-5, -0.0,
    -4e-5, -0.0,
  ],
  [
    -1e-5, 0.00028, -2e-5, -2e-5, -1e-5, -1e-5, -0.0, -9e-5, -0.0, -0.00013,
    -0.00013, -0.00013, -0.0, -0.0, -0.0, -0.0, -0.0, -0.0, -0.00026, -0.00025,
    -0.00014, -3e-5, -0.00012, -0.0, -0.0, -0.0, -0.0, -0.0, 0.00029, 0.00029,
    0.00029, -0.0, -0.0, -0.0, -0.0, -4e-5, -3e-5, -1e-5, -0.0, -0.0, -1e-5,
    -1e-5, -0.0, -0.0, -0.0, -0.0, -0.0, -0.0, -1e-5, -0.0, -0.0, -0.0, -0.0,
    -2e-5, -2e-5, -0.0, -0.0, -0.0, -0.0, -0.0, -0.0, -0.0, -6e-5, -0.0, -0.0,
    -2e-5, -0.0, -0.0, -0.0, -1e-5, -0.0, -1e-5, -0.0, -0.0, -0.0, -0.0, -0.0,
    -0.0, -0.0, -0.0, -0.0, -0.0, -1e-5, -0.0, -1e-5, -0.0, -0.0, -0.0, -0.0,
    -0.0, -0.0, -0.0, -0.0, -0.0, -0.0, -1e-5, -0.0, -0.0, -0.0, -0.0,
  ],
  [
    0.00044, 0.00042, 0.00321, 0.00187, 0.00038, 0.00047, 0.00062, 0.00094,
    -2e-5, -0.00104, -0.00103, -0.00101, -1e-5, -2e-5, -2e-5, -0.0, 0.00026,
    -0.0, -0.00044, -0.0005, -0.00281, -0.00028, -0.00132, -6e-5, 0.0002, -2e-5,
    -0.0, -2e-5, 0.00023, 0.00029, 0.00743, -0.0, -1e-5, -1e-5, -1e-5, -0.00031,
    -0.00026, 0.00019, -0.0001, 0.00017, 0.00017, 0.00017, -1e-5, 0.00014,
    0.00014, 0.00014, 0.00014, -0.0, 0.00026, -1e-5, 0.00017, -5e-5, -1e-5,
    0.00015, -1e-5, -3e-5, 0.0001, -1e-5, -1e-5, 0.00012, -0.0, -0.0, 0.00124,
    0.00014, -0.0, -5e-5, -0.0, 4e-5, -1e-5, -0.00021, -0.0, -5e-5, -0.0, -0.0,
    -0.0, -0.0, 0.00013, -0.0, -1e-5, -1e-5, 0.00013, 0.00012, -0.00036, -0.0,
    -0.00014, -0.0, 9e-5, -0.0, -0.0, -7e-5, -0.0, -4e-5, -0.0, -2e-5, -0.0,
    -0.00012, 8e-5, -0.0, -4e-5, -0.0,
  ],
  [
    0.00028, 0.00028, -3e-5, -3e-5, 0.00043, -2e-5, -1e-5, 0.00031, -0.0,
    -0.00019, -0.00019, -0.00019, -0.0, -0.0, -0.0, -0.0, -0.0, -0.0, 5e-5,
    7e-5, 8e-5, 0.00025, -0.00018, -0.0, -1e-5, -0.0, -0.0, -0.0, -0.0, -0.0,
    -0.0, 0.00044, 0.00029, 0.00029, 0.00029, 0.00039, 0.00039, 0.00028,
    0.00029, 0.00029, 0.00028, 0.00028, 0.00029, 0.00029, 0.00029, 0.00029,
    0.00029, 0.00029, 0.00028, 0.00029, 0.00029, 0.00029, 0.00029, 0.00027,
    0.00041, 0.00029, 0.00029, 0.00029, 0.00029, 0.00029, 0.00029, 0.00029,
    0.00035, 0.00029, 0.00029, 0.00026, 0.00029, 0.00029, 0.00029, 0.00028,
    0.00029, 0.00043, 0.00029, 0.00029, 0.00029, 0.00029, 0.00029, 0.00029,
    0.00029, 0.00029, 0.00029, 0.00029, 0.00027, 0.00029, 0.00029, 0.00029,
    0.00029, 0.00029, 0.00029, 0.00029, 0.00029, 0.00029, 0.00029, 0.00029,
    0.00029, 0.00028, 0.00029, 0.00029, 0.00029, 0.00029,
  ],
  [
    0.00041, 0.00038, 0.0002, 0.0002, 0.0004, 0.0001, 0.00012, 0.00087, -0.0,
    -5e-5, -5e-5, -4e-5, -0.0, -0.0, -0.0, -0.0, 0.00014, -0.0, 0.00017,
    0.00022, 0.00063, 0.00045, -0.00016, -1e-5, 0.00013, -0.0, -0.0, -0.0,
    -1e-5, -0.0, -1e-5, 0.00029, 0.00147, 0.00059, 0.00029, 0.001, 0.00101,
    0.00054, 0.00027, 0.00042, 0.00053, 0.00053, 0.00029, 0.00029, 0.00029,
    0.00029, 0.00029, 0.00029, 0.00085, 0.00029, 0.00086, 0.00058, 0.00073,
    0.00109, 0.00106, 0.00029, 0.00028, 0.00029, 0.00029, 0.00029, 0.00029,
    0.00029, 0.00043, 0.00029, 0.00029, 0.00061, 0.00029, 0.00027, 0.00029,
    0.00025, 0.00029, 0.00128, 0.00029, 0.00029, 0.00029, 0.00029, 0.00029,
    0.00029, 0.00029, 0.00029, 0.00029, 0.00029, 0.00037, 0.00029, 0.00041,
    0.00029, 0.00028, 0.00044, 0.00029, 0.00043, 0.00029, 0.00029, 0.00029,
    0.00029, 0.00029, 0.00054, 0.00028, 0.00029, 0.00029, 0.00029,
  ],
  [
    0.00042, 0.0004, 9e-5, 9e-5, 0.00042, -3e-5, -1e-5, 0.00061, -0.0, -9e-5,
    -9e-5, -0.00023, -0.0, -0.0, -0.0, -0.0, 0.00014, -0.0, 0.0001, 0.00013,
    0.00046, 0.00036, -0.00022, -1e-5, -1e-5, -0.0, -0.0, -0.0, -1e-5, -0.0,
    -1e-5, 0.00029, 0.00059, 0.00088, 0.00029, 0.00048, 0.00049, 0.00041,
    0.00028, 0.00043, 0.00041, 0.00041, 0.00029, 0.00029, 0.00029, 0.00029,
    0.00029, 0.00029, 0.00071, 0.00029, 0.00057, 0.00073, 0.00073, 0.00054,
    0.00052, 0.00029, 0.00029, 0.00029, 0.00029, 0.00029, 0.00029, 0.00029,
    0.00055, 0.00029, 0.00029, 0.00051, 0.00029, 0.00043, 0.00029, 0.00027,
    0.00029, 0.00042, 0.00029, 0.00029, 0.00029, 0.00029, 0.00029, 0.00029,
    0.00029, 0.00029, 0.00044, 0.00029, 0.0004, 0.00029, 0.00028, 0.00029,
    0.00029, 0.00029, 0.00029, 0.00058, 0.00029, 0.00029, 0.00029, 0.00029,
    0.00029, 0.0007, 0.00029, 0.00029, 0.00029, 0.00029,
  ],
  [
    0.00099, 0.00036, 3e-5, 2e-5, 0.00024, -7e-5, 0.00012, 0.00059, -0.0, -9e-5,
    -9e-5, -0.00023, -0.0, 0.00044, 0.00029, -0.0, -1e-5, -0.0, 8e-5, 0.00014,
    0.00042, 0.0007, -0.00049, 0.00043, -2e-5, -0.0, -0.0, -0.0, -2e-5, -0.0,
    -1e-5, 0.00029, 0.00029, 0.00029, 0.0019, 0.00109, 0.0014, 0.00023, 0.00027,
    0.00026, 0.00023, 0.00022, 0.00029, 0.00029, 0.00029, 0.00029, 0.00029,
    0.00029, 0.00069, 0.00029, 0.0007, 0.00043, 0.00029, 0.00062, 0.00058,
    0.00029, 0.00028, 0.00029, 0.00029, 0.00029, 0.00029, 0.00029, 0.00049,
    0.00029, 0.00029, 0.00013, 0.00029, 0.00027, 0.00029, 0.00039, 0.00029,
    0.00024, 0.00029, 0.00029, 0.00029, 0.00029, 0.00029, 0.00029, 0.00029,
    0.00029, 0.00029, 0.00029, 0.0005, 0.00029, 0.0004, 0.00029, 0.00028,
    0.00029, 0.00029, 0.00028, 0.00029, 0.00028, 0.00029, 0.00029, 0.00029,
    0.00081, 0.00028, 0.00029, 0.00028, 0.00029,
  ],
  [
    3e-5, -0.00309, -0.00052, -0.00389, 6e-5, -0.00168, -0.00069, 0.02259,
    -0.0001, 0.00594, 0.00567, 0.00605, 4e-5, 0.00056, 0.00047, -5e-5, -0.00016,
    -7e-5, 0.01184, 0.01556, 0.00845, 0.00749, 0.00753, 0.00085, -0.00105,
    0.00016, -5e-5, -0.00028, 0.00067, -4e-5, -0.00031, 0.00039, 0.001, 0.00048,
    0.00109, 0.1053, 0.09749, -0.00026, -0.00018, 0.00038, -1e-5, -0.00024,
    0.00033, 0.00056, 0.00045, 0.00056, 0.00046, 0.00024, 0.00461, 0.0005,
    0.00258, 0.00143, 0.00028, 0.04924, 0.06763, 0.00077, 0.00089, 0.00061,
    0.00061, 0.00134, 0.00024, 0.00024, 0.01607, 0.00059, 0.00026, -0.00194,
    0.00026, 0.00292, 0.00071, 0.0005, 0.00026, 0.00465, 0.00026, 0.00026,
    0.00026, 0.00026, 0.0008, 0.00026, 0.00021, 0.00026, 0.00082, 0.00105,
    0.00613, 0.00037, 0.00594, 0.00026, 0.00147, 0.00037, 0.00026, -0.00017,
    0.00026, 0.00058, 0.00026, 0.0004, 0.00024, 0.00445, 7e-5, 0.00024, 0.00116,
    0.00024,
  ],
  [
    0.00017, -0.00251, -0.00082, -0.00388, -0.00033, -0.00188, -0.00072,
    0.02283, -8e-5, 0.00766, 0.00739, 0.00775, -0.0001, 0.00058, 0.00049, -5e-5,
    -0.00012, -7e-5, 0.01131, 0.01481, 0.01106, 0.00728, 0.0097, 0.0009,
    -0.00096, 0.00018, -5e-5, -0.00026, 0.00058, -3e-5, -0.00026, 0.00039,
    0.00101, 0.00049, 0.0014, 0.09749, 0.09989, -2e-5, -9e-5, 0.0005, 0.00024,
    1e-5, 0.00049, 0.00072, 0.0006, 0.00072, 0.00062, 0.00024, 0.00522, 0.0005,
    0.00285, 0.00177, 0.00029, 0.05038, 0.06937, 0.00065, 0.00079, 0.00047,
    0.00047, 0.00151, 0.00024, 0.00024, 0.01577, 0.0006, 0.00026, -0.0012,
    0.00026, 0.00317, 0.00072, 0.0004, 0.00026, 0.00425, 0.00026, 0.00026,
    0.00026, 0.00026, 0.00096, 0.00026, 0.00036, 0.00013, 0.00083, 0.00078,
    0.00588, 0.00037, 0.00607, 0.00026, 0.00123, 0.00037, 0.00026, -0.00026,
    0.00026, 0.00061, 0.00026, 0.00057, 0.00024, 0.00396, -0.00016, 0.00024,
    0.00135, 0.00024,
  ],
  [
    0.00037, 0.00151, -1e-5, -0.00029, 8e-5, -0.00046, -9e-5, 0.0097, 0.00037,
    0.00685, 0.0069, 0.00681, -3e-5, 0.0002, 7e-5, -1e-5, -2e-5, -2e-5, 0.00297,
    0.00403, 0.00807, 0.00188, 0.00623, 0.00062, -0.00013, 0.00065, -1e-5,
    0.00036, -0.00012, -1e-5, 0.00019, 0.00028, 0.00054, 0.00041, 0.00023,
    -0.00026, -2e-5, 0.03289, 0.01171, 0.015, 0.03122, 0.03149, 0.00041,
    0.00039, 0.0004, 0.00039, 0.00041, 0.00028, 0.00153, 0.00027, 0.00135,
    0.00066, 0.00054, 0.00051, 0.00051, 0.00062, 0.00053, 0.00026, 0.00026,
    0.00017, 0.00028, 0.00043, 0.00543, 0.00025, 0.00028, 0.00562, 0.00028,
    0.00111, 0.00039, 0.0017, 0.00028, 0.00087, 0.00028, 0.00028, 0.00028,
    0.00028, 0.00023, 0.00028, 0.00027, 0.00054, 0.00023, 0.00017, 0.00159,
    0.00042, 0.00096, 0.00028, 0.00048, 0.00027, 0.00028, 0.00058, 0.00028,
    0.00056, 0.00028, 0.00049, 0.00028, 0.00159, -2e-5, 0.00028, 0.00042,
    0.00043,
  ],
  [
    0.00017, 0.00045, 4e-5, -0.00015, 0.0002, -0.00019, -0.00021, 0.00444,
    -3e-5, 0.00196, 0.00198, 0.002, -1e-5, -4e-5, -3e-5, -1e-5, -7e-5, -1e-5,
    0.00103, 0.00146, 0.00256, 0.00059, 0.0021, 0.00019, 0.00012, 0.00026,
    -1e-5, 0.00011, -0.00011, -0.0, -0.0001, 0.00029, 0.00027, 0.00028, 0.00027,
    -0.00018, -9e-5, 0.01171, 0.0136, 0.00696, 0.01242, 0.01271, 0.00043,
    0.00042, 0.00042, 0.00042, 0.00043, 0.00029, 0.0007, 0.00028, 0.00065,
    0.0002, 0.00028, 8e-5, -0.00022, 0.00039, 0.00036, 0.00028, 0.00028,
    0.00024, 0.00029, 0.00029, 0.00272, 0.00028, 0.00029, 0.0022, 0.00029,
    0.00024, 0.00027, 0.00138, 0.00029, 0.00052, 0.00029, 0.00029, 0.00029,
    0.00029, 0.00027, 0.00029, 0.00028, 0.00057, 0.00027, 0.00024, 0.00095,
    0.00043, 0.00062, 0.00029, 0.00049, 0.00029, 0.00029, 0.00047, 0.00029,
    0.00066, 0.00029, 0.00026, 0.00029, 0.00054, 0.00017, 0.00029, 0.00022,
    0.00043,
  ],
  [
    0.00012, 0.00063, -0.00041, -0.00047, -0.00016, -0.00043, -0.00026, 0.00569,
    -3e-5, 0.00478, 0.0048, 0.00498, -1e-5, -4e-5, -4e-5, -1e-5, 6e-5, -1e-5,
    0.00134, 0.00185, 0.00542, 0.00078, 0.00497, 0.00017, 9e-5, 0.0007, -1e-5,
    0.0004, -0.00013, -0.0, 0.00017, 0.00029, 0.00042, 0.00043, 0.00026,
    0.00038, 0.0005, 0.015, 0.00696, 0.01617, 0.01556, 0.01496, 0.00043,
    0.00042, 0.00042, 0.00042, 0.00042, 0.00029, 0.00048, 0.00028, 0.00061,
    0.00033, 0.00042, 0.00066, 0.00074, 0.00038, 0.00034, 0.00028, 0.00028,
    0.00024, 0.00029, 0.00029, 0.00247, 0.00027, 0.00029, 0.00286, 0.00029,
    0.00064, 0.00027, 0.00145, 0.00029, 0.00074, 0.00029, 0.00029, 0.00029,
    0.00029, 0.00026, 0.00029, 0.00028, 0.00056, 0.00026, 0.00024, 0.00024,
    0.00043, 0.00071, 0.00029, 0.00061, 0.00028, 0.00029, 0.00059, 0.00029,
    0.00036, 0.00029, 0.00025, 0.00029, 0.00089, 0.00014, 0.00029, 0.00021,
    0.00043,
  ],
  [
    0.00048, 0.00144, -0.00026, -0.00039, 4e-5, -0.00051, -0.00011, 0.01053,
    0.00037, 0.00761, 0.00767, 0.00759, -3e-5, 0.0002, 7e-5, -2e-5, -3e-5,
    -2e-5, 0.00316, 0.00427, 0.00878, 0.00172, 0.00732, 0.00061, -0.0, 0.00065,
    -2e-5, 0.00036, -0.00014, -1e-5, 0.00017, 0.00028, 0.00053, 0.00041,
    0.00023, -1e-5, 0.00024, 0.03122, 0.01242, 0.01556, 0.03439, 0.0329,
    0.00041, 0.00039, 0.0004, 0.00039, 0.0004, 0.00028, 0.00149, 0.00027,
    0.00147, 0.00065, 0.00054, 0.00056, 0.00052, 0.00061, 0.00052, 0.00026,
    0.00026, 0.00017, 0.00028, 0.00042, 0.0051, 0.00025, 0.00028, 0.00592,
    0.00028, 0.00123, 0.00039, 0.00165, 0.00028, 0.00068, 0.00028, 0.00028,
    0.00028, 0.00028, 0.00023, 0.00028, 0.00027, 0.00053, 0.00023, 0.00017,
    0.00151, 0.00042, 0.00123, 0.00028, 0.00047, 0.00027, 0.00028, 0.00057,
    0.00028, 0.0007, 0.00028, 0.00049, 0.00028, 0.00153, -4e-5, 0.00028,
    0.00041, 0.00042,
  ],
  [
    0.00047, 0.00127, -0.0003, -0.00058, 2e-5, -0.00054, -0.00013, 0.01089,
    0.00037, 0.00832, 0.00838, 0.0083, -3e-5, 0.0002, 7e-5, -2e-5, -3e-5, -2e-5,
    0.00339, 0.00452, 0.0096, 0.00165, 0.0079, 0.00075, -0.00016, 0.00065,
    -2e-5, 0.00035, -0.00014, -1e-5, 0.00017, 0.00028, 0.00053, 0.00041,
    0.00022, -0.00024, 1e-5, 0.03149, 0.01271, 0.01496, 0.0329, 0.03507,
    0.00041, 0.00039, 0.0004, 0.00039, 0.0004, 0.00028, 0.00177, 0.00027,
    0.0016, 0.00079, 0.00054, 0.00052, 0.00032, 0.00076, 0.00066, 0.00026,
    0.00026, 0.00017, 0.00028, 0.00042, 0.00539, 0.00025, 0.00028, 0.00645,
    0.00028, 0.00137, 0.00039, 0.00163, 0.00028, 0.00096, 0.00028, 0.00028,
    0.00028, 0.00028, 0.00037, 0.00028, 0.00027, 0.00053, 0.00023, 0.00017,
    0.00133, 0.00027, 0.00136, 0.00028, 0.00061, 0.00027, 0.00028, 0.00056,
    0.00028, 0.00055, 0.00028, 0.00049, 0.00028, 0.00224, -4e-5, 0.00028,
    0.00041, 0.00028,
  ],
  [
    0.00028, 0.00026, -5e-5, -6e-5, 0.00042, -3e-5, -1e-5, 0.00032, -0.0, -9e-5,
    -9e-5, -8e-5, -0.0, -0.0, -0.0, -0.0, -0.0, -0.0, 0.0001, 0.00013, 0.00017,
    0.00036, -7e-5, -1e-5, -1e-5, -0.0, -0.0, -0.0, -1e-5, -0.0, -1e-5, 0.00029,
    0.00029, 0.00029, 0.00029, 0.00033, 0.00049, 0.00041, 0.00043, 0.00043,
    0.00041, 0.00041, 0.00088, 0.00088, 0.00088, 0.00088, 0.00088, 0.00029,
    0.00042, 0.00029, 0.00028, 0.00029, 0.00029, 0.00039, 0.00052, 0.00029,
    0.00029, 0.00029, 0.00029, 0.00044, 0.00029, 0.00029, 0.0004, 0.00044,
    0.00029, 0.00037, 0.00029, 0.00072, 0.00029, 0.00042, 0.00029, 0.00056,
    0.00029, 0.00029, 0.00029, 0.00029, 0.00059, 0.00029, 0.00044, 0.00029,
    0.00029, 0.00029, 0.0004, 0.00029, 0.00042, 0.00029, 0.00029, 0.00029,
    0.00029, 0.00029, 0.00029, 0.00044, 0.00029, 0.00029, 0.00029, 0.00026,
    0.00029, 0.00029, 0.00029, 0.00029,
  ],
  [
    0.00027, 0.00023, 0.0002, 5e-5, 0.00055, 0.0001, -2e-5, 0.00073, -0.0,
    0.0001, 0.0001, 0.0001, -0.0, -0.0, -0.0, -0.0, -1e-5, -0.0, 0.00017,
    0.00022, 4e-5, 0.00045, -2e-5, -1e-5, -2e-5, -0.0, -0.0, -0.0, -1e-5, -0.0,
    0.00014, 0.00029, 0.00029, 0.00029, 0.00029, 0.00056, 0.00072, 0.00039,
    0.00042, 0.00042, 0.00039, 0.00039, 0.00088, 0.00147, 0.00103, 0.00147,
    0.00103, 0.00029, 0.0004, 0.00029, 0.00027, 0.00028, 0.00029, 0.00065,
    0.00076, 0.00029, 0.00028, 0.00029, 0.00029, 0.00058, 0.00029, 0.00029,
    0.00072, 0.00059, 0.00029, 0.00032, 0.00029, 0.00071, 0.00029, 0.0004,
    0.00029, 0.00084, 0.00029, 0.00029, 0.00029, 0.00029, 0.00073, 0.00029,
